Fecha,Motivo,Tiempo,Responsable,Resultado,
3,23,10,12,0,
26,22,18,11,1,
50,22,11,11,1,
50,22,11,11,1,
50,22,11,11,1,
51,52,9,11,1,
83,52,17,11,1,
93,24,10,11,1,
93,22,16,11,1,
93,31,17,11,1,
94,24,9,11,1,
100,22,12,24,1,
105,24,3,11,1,
108,24,13,11,1,
110,51,12,22,1,
113,32,23,32,1,
113,22,10,11,1,
114,25,9,11,1,
116,52,14,32,1,
116,22,10,11,1,
117,22,13,32,1,
120,11,12,32,1,
123,23,10,32,1,
124,31,8,32,1,
124,61,10,32,1,
127,22,8,32,1,
127,52,5,32,1,
128,52,6,32,1,
128,22,3,32,1,
129,22,5,32,1,
135,22,19,24,1,
135,33,19,23,0,
139,24,16,23,1,
140,22,13,32,1,
142,21,14,24,1,
146,22,11,23,1,
148,24,7,32,1,
155,41,8,23,1,
156,22,4,23,0,
159,31,9,11,1,
162,23,12,11,1,
170,22,14,12,1,
170,62,20,25,0,
177,22,11,31,1,
177,22,11,31,1,
179,22,7,11,1,
180,71,8,31,1,
180,22,8,31,1,
180,22,8,31,1,
180,22,12,11,1,
183,71,7,31,1,
183,22,9,25,0,
184,22,5,31,1,
191,22,5,11,1,
191,52,5,11,1,
191,52,5,11,1,
191,22,5,11,1,
192,52,4,11,1,
193,24,3,11,1,
193,22,3,11,1,
193,41,4,11,1,
193,22,3,11,1,
193,22,4,11,1,
194,22,3,11,1,
236,22,14,21,1,
